4294967278,44
4294967278,43
4294967278,42
4294967278,41
4294967278,40
4294967278,39
4294967278,38
4294967278,37
4294967278,36
4294967278,35
4294967278,34
4294967278,33
4294967278,32
4294967278,31
4294967278,30
4294967278,29
4294967278,28
4294967278,27
4294967278,26
4294967278,25
4294967278,24
4294967278,23
4294967278,22
4294967278,21
4294967278,131
4294967278,129
4294967278,128
4294967278,127
4294967278,126
4294967278,125
4294967278,120
4294967278,118
4294967278,117
4294967278,115
4294967278,114
4294967278,113
4294967278,109
4294967278,107
4294967278,106
4294967278,104
4294967278,103
4294967278,102
4294967278,98
4294967278,96
4294967278,95
4294967278,94
4294967278,93
4294967278,92
4294967278,86
4294967278,84
4294967278,83
4294967278,82
4294967278,81
4294967278,80
4294967278,79
4294967278,77
4294967278,76
4294967278,75
4294967278,74
4294967278,73
4294967278,71
4294967278,70
4294967278,68
4294967278,65
4294967278,64
4294967278,331
4294967278,62
4294967278,61
4294967278,296
4294967278,60
4294967278,421
4294967278,59
4294967278,58
4294967278,381
4294967278,57
4294967278,330
4294967278,56
4294967278,55
4294967278,415
4294967278,54
4294967278,53
4294967278,52
4294967278,294
4294967278,51
4294967278,305
4294967278,50
4294967278,49
4294967278,293
4294967278,48
4294967278,292
4294967278,47
4294967278,46
4294967278,45
4294967278,351
4294967279,174
4294967279,344
4294967279,565
4294967279,85
4294967279,84
4294967279,83
4294967279,82
4294967279,81
4294967279,79
4294967279,338
4294967279,78
4294967279,319
4294967279,77
4294967279,76
4294967279,75
4294967279,74
4294967279,73
4294967279,72
4294967279,71
4294967279,70
4294967279,69
4294967279,68
4294967279,66
4294967279,65
4294967279,64
4294967279,63
4294967279,61
4294967279,57
4294967279,55
4294967279,54
4294967279,53
4294967279,52
4294967279,51
4294967279,50
4294967279,533
4294967279,46
4294967279,546
4294967279,44
4294967279,320
4294967279,42
4294967279,298
4294967279,41
4294967279,544
4294967279,39
4294967279,297
4294967279,35
4294967279,531
4294967279,33
4294967279,364
4294967279,31
4294967279,333
4294967279,30
4294967279,375
4294967279,29
4294967279,543
4294967279,363
4294967279,24
4294967279,134
4294967279,22
4294967279,288
4294967279,21
4294967279,20
4294967279,19
4294967279,18
4294967279,13
4294967279,285
4294967279,11
4294967279,10
4294967279,9
4294967279,8
4294967279,7
4294967279,325
4294967279,6
4294967278,263
4294967278,67
4294967294,75
4294967294,169
4294967294,174
4294967294,173
4294967294,451
4294967279,67
4294967279,551
4294967294,180
4294967294,189
4294967294,190
4294967294,30
4294967294,164
4294967294,163
4294967294,115
4294967294,387
4294967294,113
4294967294,177
4294967279,62
4294967279,362
4294967294,11
4294967294,175
4294967294,183
4294967294,176
4294967294,454
4294967294,420
4294967294,14
4294967294,20
4294967294,13
4294967294,127
4294967294,126
4294967294,18
4294967294,12
4294967294,104
4294967294,160
4294967294,119
4294967294,168
4294967278,257
4294967279,60
4294967279,307
4294967279,59
4294967279,517
4294967278,306
4294967278,256
4294967279,58
4294967279,361
4294967279,170
4294967294,1425
4294967279,56
4294967279,335
4294967279,168
281,6
281,5
4294967279,165
281,4
281,3
281,2
281,1
4294967278,246
4294967279,49
4294967279,302
4294967279,40
4294967279,48
4294967279,532
4294967279,47
4294967279,159
4294967279,45
4294967279,378
4294967279,156
4294967279,43
4294967279,300
4294967279,155
4294967279,152
4294967279,154
4294967279,153
4294967279,328
4294967279,38
4294967279,343
4294967279,28
4294967279,37
4294967279,540
4294967279,36
4294967279,351
4294967279,147
4294967279,34
4294967279,513
4294967279,145
4294967279,32
4294967279,144
4294967279,296
4294967279,140
4294967279,143
279,7
279,6
4294967279,142
279,5
279,4
4294967279,141
279,3
279,2
279,1
4294967279,346
4294967279,27
4294967279,536
4294967279,290
4294967294,389
4294967294,114
4294967279,339
4294967279,530
4294967279,26
4294967278,240
4294967279,25
4294967279,137
4294967279,354
4294967279,294
4294967294,165
4294967294,264
4294967279,23
4294967279,135
4294967279,345
4294967279,292
4294967279,275
4294967279,272
4294967279,274
4294967279,273
4294967279,529
4294967279,17
4294967279,16
4294967279,342
4294967279,15
4294967279,337
4294967279,527
4294967279,14
4294967278,230
4294967278,393
4294967279,268
4294967279,12
4294967279,267
4294967279,332
4294967279,266
4294967279,264
4294967279,263
4294967294,201
4294967294,424
4294967294,53
4294967294,428
4294967294,38
4294967279,525
4294967294,42
4294967294,36
4294967294,39
4294967294,41
4294967294,51
4294967294,52
4294967279,5
4294967279,341
4294967278,124
4294967294,92
4294967294,90
4294967294,87
4294967294,86
4294967294,84
4294967294,255
4294967278,228
4294967294,408
4294967294,395
4294967294,396
4294967294,399
4294967294,385
4294967294,419
4294967294,178
4294967294,167
4294967294,423
4294967294,406
4294967294,413
4294967294,184
4294967294,465
4294967294,410
4294967294,110
4294967294,457
